1.7667372811843396
1.2313810079288645
-1.6817015930320935
0.4765936611468409
-0.011710102532726264
0.9991748403241745
0.06504176569376806
-1.4889410947767376
-0.7267908127445193
0.146325063368945
0.15982288388459387
0.8649973325679147
-0.39958255369054985
-0.4162342459796021
-0.2563320858367152
-1.0831494386354812
-1.0382694474531105
-0.1843649248645207
0.8357579722931981
1.7555807863455994
-0.22212696633204765
-1.3849460676887952
0.18598662808594782
-0.32967764145534295
0.1822436723308169
-0.24993010666496254
1.375693155396732
-0.8563148075208117
-3.3286124347144352
-0.4007702291436283
-0.8106975506023835
1.2736241937369892
1.0321295272244284
1.3132377199328056
1.0750381590172213
-1.0794358510994366
-0.9961823729649946
0.8311214217775347
-1.1190524652532108
-0.484769195242532
-0.6827922170563715
1.0589277199556735
-0.049343691285247265
0.38715433201649874
0.6836889965071814
-1.298716187291503
0.30926725564769814
1.0266618960147484
0.8840787001236314
-1.590043100768006
-1.748360423197571
0.5811883494611355
-1.2696439263098471
0.5200560741773415
-0.8999280225569183
0.6051024819463916
-0.4242760031660315
-0.699649586605056
-1.3968852004684742
0.2270471927864023
-0.19224508010256236
-1.3404793937169301
-1.164475416323871
-0.5501574737726923
-0.8166391873118954
1.5929914619125247
1.0258352246756008
0.9529622775006044
0.39140341239908805
-1.0582658245565224
-0.9075902782112237
-0.028682892712128337
0.17235036410177654
0.8074551432848539
0.9762048591244744
-0.12196290184587327
0.450265934896035
1.3263109714559047
0.4554248954184021
0.2584587729249098
0.02069694865237149
-0.11889184863708091
-1.218510088391434
-1.3668941382344484
-0.10323775171528068
0.3029596561443929
-0.9876299974021937
-0.5866809425189143
-0.5127197155348866
-0.7025480112264758
0.543230235684828
0.6650935376648327
-1.3164632801755403
-0.20793453641732615
-0.4237348381936763
0.08580776177058544
0.048381556123731725
0.8306037744160362
-0.70473556698686
0.846815355910786
